9
10
0 0 0
1 0 0
2 0 0
0 1 0
1 1 1
2 1 2
0 2 0
1 2 2
2 2 4
0 0 0
1 0 0
2 0 0
0 1 0
1 1 34.22222222222222
2 1 68.44444444444444
0 2 0
1 2 68.44444444444444
2 2 136.88888888888889
0 0 0
1 0 0
2 0 0
0 1 0
1 1 67.44444444444446
2 1 134.88888888888889
0 2 0
1 2 134.88888888888889
2 2 269.77777777777777
0 0 0
1 0 0
2 0 0
0 1 0
1 1 51.59453665283543
2 1 201.33333333333331
0 2 0
1 2 201.33333333333331
2 2 402.66666666666663
0 0 0
1 0 0
2 0 0
0 1 0
1 1 11.083675422637754
2 1 267.77777777777777
0 2 0
1 2 267.77777777777777
2 2 535.5555555555555
0 0 0
1 0 0
2 0 0
0 1 0
1 1 -54.21155422641549
2 1 334.22222222222223
0 2 0
1 2 334.22222222222223
2 2 668.4444444444445
0 0 0
1 0 0
2 0 0
0 1 0
1 1 -144.47657101690538
2 1 400.6666666666667
0 2 0
1 2 400.6666666666667
2 2 801.3333333333334
0 0 0
1 0 0
2 0 0
0 1 0
1 1 -259.898332907704
2 1 467.11111111111114
0 2 0
1 2 467.11111111111114
2 2 934.2222222222223
0 0 0
1 0 0
2 0 0
0 1 0
1 1 -400.66519805630503
2 1 533.5555555555555
0 2 0
1 2 533.5555555555555
2 2 1067.111111111111
0 0 0
1 0 0
2 0 0
0 1 0
1 1 -566.9669349305855
2 1 600
0 2 0
1 2 600
2 2 1200
