3
0 0 3 0 0 1 3 1 
0 1 1 1 0 3 1 2.5 
2 1 3 1 2 2.5 3 2.5 
42
0 0 0
0.5 0 0.5
1 0 1
1.5 0 1.5000000000000002
2 0 2
2.5 0 2.5
3 0 3.0000000000000004
0 0.5 0.5
0.5 0.5 0.9999999999999998
1 0.5 1.5
1.5 0.5 1.9999999999999996
2 0.5 2.499999999999999
2.5 0.5 2.999999999999999
3 0.5 3.5000000000000004
0 1 1
0.5 1 1.4999999999999998
1 1 2
1.5 1 2.5
2 1 3.0000000000000004
2.5 1 3.499999999999999
3 1 4
0 1.5 1.5000000000000002
0.5 1.4375 1.9374999999999998
1 1.375 2.3749999999999996
2 1.5 3.5000000000000004
2.5 1.5 3.9999999999999996
3 1.5 4.5
0 2 2
0.5 1.875 2.3749999999999996
1 1.75 2.750000000000001
2 1.9999999999999998 4
2.5 1.9999999999999998 4.5
3 1.9999999999999998 5
0 2.5 2.5
0.5 2.3125 2.8125
1 2.125 3.1249999999999996
2 2.5 4.5
2.5 2.5 5
3 2.5 5.500000000000002
0 3 3.0000000000000004
0.5 2.75 3.2500000000000004
1 2.5 3.5000000000000004
333 3.3333333333333335
2.5 1.2916666666666667 3.7916666666666674
3 1.25 4.25
0 2 1.9999999999999998
0.5 1.9444444444444446 2.444444444444445
1 1.8888888888888888 2.888888888888889
1.5 1.8333333333333333 3.3223106196709833
2 1.7777777777777777 3.7777777777777777
2.5 1.722222222222222 4.222222222222222
3 1.6666666666666665 4.666666666666667
0 2.5 2.5
0.5 2.430555555555556 2.930555555555556
1 2.361111111111111 3.3611111111111107
1.5 2.291666666666667 3.7213310050386488
2 2.2222222222222223 4.222222222222222
2.5 2.152777777777778 4.6527777777777795
3 2.0833333333333335 5.083333333333335
0 3 2.9999999999999996
0.5 2.9166666666666665 3.4166666666666665
1 2.833333333333333 3.833333333333334
1.5 2.75 3.8058801205349178
2 2.6666666666666665 4.666666666666667
2.5 2.5833333333333335 5.083333333333335
3 2.5 5.500000000000001
0E-001 -100
0 9.4440E-001 -100
0.5 9.4440E-001 -100
1 9.4440E-001 -100
1.5 9.4440E-001 -100
2 9.4440E-001 -100
2.5 9.4440E-001 -100
3 9.4440E-001 -100
0 9.7220E-001 -100
0.5 9.7220E-001 -100
1 9.7220E-001 -100
1.5 9.7220E-001 -100
2 9.7220E-001 -100
2.5 9.7220E-001 -100
3 9.7220E-001 -100
0 1.0000E+000 -100
0.5 1.0000E+000 -100
1 1.0000E+000 -100
1.5 1.0000E+000 -100
2 1.0000E+000 -100
2.5 1.0000E+000 -100
3 1.0000E+000 -100
0 1.2500E+000 -100
0.5 1.2500E+000 -100
1 1.2500E+000 -100
1.5 1.2500E+000 -100
2 1.2500E+000 -100
2.5 1.2500E+000 -100
3 1.2500E+000 -100
0 1.2917E+000 -100
0.5 1.2917E+000 -100
1 1.2917E+000 -100
1.5 1.2917E+000 -100
2 1.2917E+000 -100
2.5 1.2917E+000 -100
3 1.2917E+000 -100
0 1.3333E+000 -100
0.5 1.3333E+000 -100
1 1.3333E+000 -100
1.5 1.3333E+000 -100
2 1.3333E+000 -100
2.5 1.3333E+000 -100
3 1.3333E+000 -100
0 1.3750E+000 -100
0.5 1.3750E+000 -100
1 1.3750E+000 -100
1.5 1.3750E+000 -100
2 1.3750E+000 -100
2.5 1.3750E+000 -100
3 1.3750E+000 -100
0 1.4167E+000 -100
0.5 1.4167E+000 -100
1 1.4167E+000 -100
1.5 1.4167E+000 -100
2 1.4167E+000 -100
2.5 1.4167E+000 -100
3 1.4167E+000 -100
0 1.4583E+000 -100
0.5 1.4583E+000 -100
1 1.4583E+000 -100
1.5 1.4583E+000 -100
2 1.4583E+000 -100
2.5 1.4583E+000 -100
3 1.4583E+000 -100
0 1.5000E+000 -100
0.5 1.5000E+000 -100
1 1.5000E+000 -100
1.5 1.5000E+000 -100
2 1.5000E+000 -100
2.5 1.5000E+000 -100
3 1.5000E+000 -100
0 1.6667E+000 -100
0.5 1.6667E+000 -100
1 1.6667E+000 -100
1.5 1.6667E+000 -100
2 1.6667E+000 -100
2.5 1.6667E+000 -100
3 1.6667E+000 -100
0 1.7222E+000 -100
0.5 1.7222E+000 -100
1 1.7222E+000 -100
1.5 1.7222E+000 -100
2 1.7222E+000 -100
2.5 1.7222E+000 -100
3 1.7222E+000 -100
0 1.7778E+000 -100
0.5 1.7778E+000 -100
1 1.7778E+000 -100
1.5 1.7778E+000 -100
2 1.7778E+000 -100
2.5 1.7778E+000 -100
3 1.7778E+000 -100
0 1.8333E+000 -100
0.5 1.8333E+000 -100
1 1.8333E+000 -100
1.5 1.8333E+000 -100
2 1.8333E+000 -100
2.5 1.8333E+000 -100
3 1.8333E+000 -100
0 1.8889E+000 -100
0.5 1.8889E+000 -100
1 1.8889E+000 -100
1.5 1.8889E+000 -100
2 1.8889E+000 -100
2.5 1.8889E+000 -100
3 1.8889E+000 -100
0 1.9444E+000 -100
0.5 1.9444E+000 -100
1 1.9444E+000 -100
1.5 1.9444E+000 -100
2 1.9444E+000 -100
2.5 1.9444E+000 -100
3 1.9444E+000 -100
0 2.0000E+000 -100
0.5 2.0000E+000 -100
1 2.0000E+000 -100
1.5 2.0000E+000 -100
2 2.0000E+000 -100
2.5 2.0000E+000 -100
3 2.0000E+000 -100
0 2.0833E+000 -100
0.5 2.0833E+000 -100
1 2.0833E+000 -100
1.5 2.0833E+000 -100
2 2.0833E+000 -100
2.5 2.0833E+000 -100
3 2.0833E+000 -100
0 2.1528E+000 -100
0.5 2.1528E+000 -100
1 2.1528E+000 -100
1.5 2.1528E+000 -100
2 2.1528E+000 -100
2.5 2.1528E+000 -100
3 2.1528E+000 -100
0 2.2222E+000 -100
0.5 2.2222E+000 -100
1 2.2222E+000 -100
1.5 2.2222E+000 -100
2 2.2222E+000 -100
2.5 2.2222E+000 -100
3 2.2222E+000 -100
0 2.2917E+000 -100
0.5 2.2917E+000 -100
1 2.2917E+000 -100
1.5 2.2917E+000 -100
2 2.2917E+000 -100
2.5 2.2917E+000 -100
3 2.2917E+000 -100
0 2.3611E+000 -100
0.5 2.3611E+000 -100
1 2.3611E+000 -100
1.5 2.3611E+000 -100
2 2.3611E+000 -100
2.5 2.3611E+000 -100
3 2.3611E+000 -100
0 2.4306E+000 -100
0.5 2.4306E+000 -100
1 2.4306E+000 -100
1.5 2.4306E+000 -100
2 2.4306E+000 -100
2.5 2.4306E+000 -100
3 2.4306E+000 -100
0 2.5000E+000 -100
0.5 2.5000E+000 -100
1 2.5000E+000 -100
1.5 2.5000E+000 -100
2 2.5000E+000 -100
2.5 2.5000E+000 -100
3 2.5000E+000 -100
0 2.5833E+000 -100
0.5 2.5833E+000 -100
1 2.5833E+000 -100
1.5 2.5833E+000 -100
2 2.5833E+000 -100
2.5 2.5833E+000 -100
3 2.5833E+000 -100
0 2.6667E+000 -100
0.5 2.6667E+000 -100
1 2.6667E+000 -100
1.5 2.6667E+000 -100
2 2.6667E+000 -100
2.5 2.6667E+000 -100
3 2.6667E+000 -100
0 2.7500E+000 -100
0.5 2.7500E+000 -100
1 2.7500E+000 -100
1.5 2.7500E+000 -100
2 2.7500E+000 -100
2.5 2.7500E+000 -100
3 2.7500E+000 -100
0 2.8333E+000 -100
0.5 2.8333E+000 -100
1 2.8333E+000 -100
1.5 2.8333E+000 -100
2 2.8333E+000 -100
2.5 2.8333E+000 -100
3 2.8333E+000 -100
0 2.9167E+000 -100
0.5 2.9167E+000 -100
1 2.9167E+000 -100
1.5 2.9167E+000 -100
2 2.9167E+000 -100
2.5 2.9167E+000 -100
3 2.9167E+000 -100
0 3.0000E+000 -100
0.5 3.0000E+000 -100
1 3.0000E+000 -100
1.5 3.0000E+000 -100
2 3.0000E+000 -100
2.5 3.0000E+000 -100
3 3.0000E+000 -100
1.3600E+000 0
2.4 1.3600E+000 0
2.6 1.3600E+000 0
2.8 1.3600E+000 0
3 1.3600E+000 0
0 1.3800E+000 0
0.2 1.3800E+000 0
0.4 1.3800E+000 0
0.6 1.3800E+000 0
0.8 1.3800E+000 0
1 1.3800E+000 0
1.2 1.3800E+000 0
1.4 1.3800E+000 0
1.6 1.3800E+000 0
1.8 1.3800E+000 0
2 1.3800E+000 0
2.2 1.3800E+000 0
2.4 1.3800E+000 0
2.6 1.3800E+000 0
2.8 1.3800E+000 0
3 1.3800E+000 0
0 1.4000E+000 0
0.2 1.4000E+000 0
0.4 1.4000E+000 0
0.6 1.4000E+000 0
0.8 1.4000E+000 0
1 1.4000E+000 0
1.2 1.4000E+000 0
1.4 1.4000E+000 0
1.6 1.4000E+000 0
1.8 1.4000E+000 0
2 1.4000E+000 0
2.2 1.4000E+000 0
2.4 1.4000E+000 0
2.6 1.4000E+000 0
2.8 1.4000E+000 0
3 1.4000E+000 0
0 1.4500E+000 0
0.2 1.4500E+000 0
0.4 1.4500E+000 0
0.6 1.4500E+000 0
0.8 1.4500E+000 0
1 1.4500E+000 0
1.2 1.4500E+000 0
1.4 1.4500E+000 0
1.6 1.4500E+000 0
1.8 1.4500E+000 0
2 1.4500E+000 0
2.2 1.4500E+000 0
2.4 1.4500E+000 0
2.6 1.4500E+000 0
2.8 1.4500E+000 0
3 1.4500E+000 0
0 1.4800E+000 0
0.2 1.4800E+000 0
0.4 1.4800E+000 0
0.6 1.4800E+000 0
0.8 1.4800E+000 0
1 1.4800E+000 0
1.2 1.4800E+000 0
1.4 1.4800E+000 0
1.6 1.4800E+000 0
1.8 1.4800E+000 0
2 1.4800E+000 0
2.2 1.4800E+000 0
2.4 1.4800E+000 0
2.6 1.4800E+000 0
2.8 1.4800E+000 0
3 1.4800E+000 0
0 1.5100E+000 0
0.2 1.5100E+000 0
0.4 1.5100E+000 0
0.6 1.5100E+000 0
0.8 1.5100E+000 0
1 1.5100E+000 0
1.2 1.5100E+000 0
1.4 1.5100E+000 0
1.6 1.5100E+000 0
1.8 1.5100E+000 0
2 1.5100E+000 0
2.2 1.5100E+000 0
2.4 1.5100E+000 0
2.6 1.5100E+000 0
2.8 1.5100E+000 0
3 1.5100E+000 0
0 1.5400E+000 0
0.2 1.5400E+000 0
0.4 1.5400E+000 0
0.6 1.5400E+000 0
0.8 1.5400E+000 0
1 1.5400E+000 0
1.2 1.5400E+000 0
1.4 1.5400E+000 0
1.6 1.5400E+000 0
1.8 1.5400E+000 0
2 1.5400E+000 0
2.2 1.5400E+000 0
2.4 1.5400E+000 0
2.6 1.5400E+000 0
2.8 1.5400E+000 0
3 1.5400E+000 0
0 1.5700E+000 0
0.2 1.5700E+000 0
0.4 1.5700E+000 0
0.6 1.5700E+000 0
0.8 1.5700E+000 0
1 1.5700E+000 0
1.2 1.5700E+000 0
1.4 1.5700E+000 0
1.6 1.5700E+000 0
1.8 1.5700E+000 0
2 1.5700E+000 0
2.2 1.5700E+000 0
2.4 1.5700E+000 0
2.6 1.5700E+000 0
2.8 1.5700E+000 0
3 1.5700E+000 0
0 1.6000E+000 0
0.2 1.6000E+000 0
0.4 1.6000E+000 0
0.6 1.6000E+000 0
0.8 1.6000E+000 0
1 1.6000E+000 0
1.2 1.6000E+000 0
1.4 1.6000E+000 0
1.6 1.6000E+000 0
1.8 1.6000E+000 0
2 1.6000E+000 0
2.2 1.6000E+000 0
2.4 1.6000E+000 0
2.6 1.6000E+000 0
2.8 1.6000E+000 0
3 1.6000E+000 0
0 1.6400E+000 0
0.2 1.6400E+000 0
0.4 1.6400E+000 0
0.6 1.6400E+000 0
0.8 1.6400E+000 0
1 1.6400E+000 0
1.2 1.6400E+000 0
1.4 1.6400E+000 0
1.6 1.6400E+000 0
1.8 1.6400E+000 0
2 1.6400E+000 0
2.2 1.6400E+000 0
2.4 1.6400E+000 0
2.6 1.6400E+000 0
2.8 1.6400E+000 0
3 1.6400E+000 0
0 1.6800E+000 0
0.2 1.6800E+000 0
0.4 1.6800E+000 0
0.6 1.6800E+000 0
0.8 1.6800E+000 0
1 1.6800E+000 0
1.2 1.6800E+000 0
1.4 1.6800E+000 0
1.6 1.6800E+000 0
1.8 1.6800E+000 0
2 1.6800E+000 0
2.2 1.6800E+000 0
2.4 1.6800E+000 0
2.6 1.6800E+000 0
2.8 1.6800E+000 0
3 1.6800E+000 0
0 1.7200E+000 0
0.2 1.7200E+000 0
0.4 1.7200E+000 0
0.6 1.7200E+000 0
0.8 1.7200E+000 0
1 1.7200E+000 0
1.2 1.7200E+000 0
1.4 1.7200E+000 0
1.6 1.7200E+000 0
1.8 1.7200E+000 0
2 1.7200E+000 0
2.2 1.7200E+000 0
2.4 1.7200E+000 0
2.6 1.7200E+000 0
2.8 1.7200E+000 0
3 1.7200E+000 0
0 1.7500E+000 0
0.2 1.7500E+000 0
0.4 1.7500E+000 0
0.6 1.7500E+000 0
0.8 1.7500E+000 0
1 1.7500E+000 0
1.2 1.7500E+000 0
1.4 1.7500E+000 0
1.6 1.7500E+000 0
1.8 1.7500E+000 0
2 1.7500E+000 0
2.2 1.7500E+000 0
2.4 1.7500E+000 0
2.6 1.7500E+000 0
2.8 1.7500E+000 0
3 1.7500E+000 0
0 1.7600E+000 0
0.2 1.7600E+000 0
0.4 1.7600E+000 0
0.6 1.7600E+000 0
0.8 1.7600E+000 0
1 1.7600E+000 0
1.2 1.7600E+000 0
1.4 1.7600E+000 0
1.6 1.7600E+000 0
1.8 1.7600E+000 0
2 1.7600E+000 0
2.2 1.7600E+000 0
2.4 1.7600E+000 0
2.6 1.7600E+000 0
2.8 1.7600E+000 0
3 1.7600E+000 0
0 1.8000E+000 0
0.2 1.8000E+000 0
0.4 1.8000E+000 0
0.6 1.8000E+000 0
0.8 1.8000E+000 0
1 1.8000E+000 0
1.2 1.8000E+000 0
1.4 1.8000E+000 0
1.6 1.8000E+000 0
1.8 1.8000E+000 0
2 1.8000E+000 0
2.2 1.8000E+000 0
2.4 1.8000E+000 0
2.6 1.8000E+000 0
2.8 1.8000E+000 0
3 1.8000E+000 0
0 1.8500E+000 0
0.2 1.8500E+000 0
0.4 1.8500E+000 0
0.6 1.8500E+000 0
0.8 1.8500E+000 0
1 1.8500E+000 0
1.2 1.8500E+000 0
1.4 1.8500E+000 0
1.6 1.8500E+000 0
1.8 1.8500E+000 0
2 1.8500E+000 0
2.2 1.8500E+000 0
2.4 1.8500E+000 0
2.6 1.8500E+000 0
2.8 1.8500E+000 0
3 1.8500E+000 0
0 1.9000E+000 0
0.2 1.9000E+000 0
0.4 1.9000E+000 0
0.6 1.9000E+000 0
0.8 1.9000E+000 0
1 1.9000E+000 0
1.2 1.9000E+000 0
1.4 1.9000E+000 0
1.6 1.9000E+000 0
1.8 1.9000E+000 0
2 1.9000E+000 0
2.2 1.9000E+000 0
2.4 1.9000E+000 0
2.6 1.9000E+000 0
2.8 1.9000E+000 0
3 1.9000E+000 0
0 1.9500E+000 0
0.2 1.9500E+000 0
0.4 1.9500E+000 0
0.6 1.9500E+000 0
0.8 1.9500E+000 0
1 1.9500E+000 0
1.2 1.9500E+000 0
1.4 1.9500E+000 0
1.6 1.9500E+000 0
1.8 1.9500E+000 0
2 1.9500E+000 0
2.2 1.9500E+000 0
2.4 1.9500E+000 0
2.6 1.9500E+000 0
2.8 1.9500E+000 0
3 1.9500E+000 0
0 1.9600E+000 0
0.2 1.9600E+000 0
0.4 1.9600E+000 0
0.6 1.9600E+000 0
0.8 1.9600E+000 0
1 1.9600E+000 0
1.2 1.9600E+000 0
1.4 1.9600E+000 0
1.6 1.9600E+000 0
1.8 1.9600E+000 0
2 1.9600E+000 0
2.2 1.9600E+000 0
2.4 1.9600E+000 0
2.6 1.9600E+000 0
2.8 1.9600E+000 0
3 1.9600E+000 0
0 2.0000E+000 0
0.2 2.0000E+000 0
0.4 2.0000E+000 0
0.6 2.0000E+000 0
0.8 2.0000E+000 0
1 2.0000E+000 0
1.2 2.0000E+000 0
1.4 2.0000E+000 0
1.6 2.0000E+000 0
1.8 2.0000E+000 0
2 2.0000E+000 0
2.2 2.0000E+000 0
2.4 2.0000E+000 0
2.6 2.0000E+000 0
2.8 2.0000E+000 0
3 2.0000E+000 0
0 2.0200E+000 0
0.2 2.0200E+000 0
0.4 2.0200E+000 0
0.6 2.0200E+000 0
0.8 2.0200E+000 0
1 2.0200E+000 0
1.2 2.0200E+000 0
1.4 2.0200E+000 0
1.6 2.0200E+000 0
1.8 2.0200E+000 0
2 2.0200E+000 0
2.2 2.0200E+000 0
2.4 2.0200E+000 0
2.6 2.0200E+000 0
2.8 2.0200E+000 0
3 2.0200E+000 0
0 2.0500E+000 0
0.2 2.0500E+000 0
0.4 2.0500E+000 0
0.6 2.0500E+000 0
0.8 2.0500E+000 0
1 2.0500E+000 0
1.2 2.0500E+000 0
1.4 2.0500E+000 0
1.6 2.0500E+000 0
1.8 2.0500E+000 0
2 2.0500E+000 0
2.2 2.0500E+000 0
2.4 2.0500E+000 0
2.6 2.0500E+000 0
2.8 2.0500E+000 0
3 2.0500E+000 0
0 2.0800E+000 0
0.2 2.0800E+000 0
0.4 2.0800E+000 0
0.6 2.0800E+000 0
0.8 2.0800E+000 0
1 2.0800E+000 0
1.2 2.0800E+000 0
1.4 2.0800E+000 0
1.6 2.0800E+000 0
1.8 2.0800E+000 0
2 2.0800E+000 0
2.2 2.0800E+000 0
2.4 2.0800E+000 0
2.6 2.0800E+000 0
2.8 2.0800E+000 0
3 2.0800E+000 0
0 2.1200E+000 0
0.2 2.1200E+000 0
0.4 2.1200E+000 0
0.6 2.1200E+000 0
0.8 2.1200E+000 0
1 2.1200E+000 0
1.2 2.1200E+000 0
1.4 2.1200E+000 0
1.6 2.1200E+000 0
1.8 2.1200E+000 0
2 2.1200E+000 0
2.2 2.1200E+000 0
2.4 2.1200E+000 0
2.6 2.1200E+000 0
2.8 2.1200E+000 0
3 2.1200E+000 0
0 2.1400E+000 0
0.2 2.1400E+000 0
0.4 2.1400E+000 0
0.6 2.1400E+000 0
0.8 2.1400E+000 0
1 2.1400E+000 0
1.2 2.1400E+000 0
1.4 2.1400E+000 0
1.6 2.1400E+000 0
1.8 2.1400E+000 0
2 2.1400E+000 0
2.2 2.1400E+000 0
2.4 2.1400E+000 0
2.6 2.1400E+000 0
2.8 2.1400E+000 0
3 2.1400E+000 0
0 2.1900E+000 0
0.2 2.1900E+000 0
0.4 2.1900E+000 0
0.6 2.1900E+000 0
0.8 2.1900E+000 0
1 2.1900E+000 0
1.2 2.1900E+000 0
1.4 2.1900E+000 0
1.6 2.1900E+000 0
1.8 2.1900E+000 0
2 2.1900E+000 0
2.2 2.1900E+000 0
2.4 2.1900E+000 0
2.6 2.1900E+000 0
2.8 2.1900E+000 0
3 2.1900E+000 0
0 2.2000E+000 0
0.2 2.2000E+000 0
0.4 2.2000E+000 0
0.6 2.2000E+000 0
0.8 2.2000E+000 0
1 2.2000E+000 0
1.2 2.2000E+000 0
1.4 2.2000E+000 0
1.6 2.2000E+000 0
1.8 2.2000E+000 0
2 2.2000E+000 0
2.2 2.2000E+000 0
2.4 2.2000E+000 0
2.6 2.2000E+000 0
2.8 2.2000E+000 0
3 2.2000E+000 0
0 2.2600E+000 0
0.2 2.2600E+000 0
0.4 2.2600E+000 0
0.6 2.2600E+000 0
0.8 2.2600E+000 0
1 2.2600E+000 0
1.2 2.2600E+000 0
1.4 2.2600E+000 0
1.6 2.2600E+000 0
1.8 2.2600E+000 0
2 2.2600E+000 0
2.2 2.2600E+000 0
2.4 2.2600E+000 0
2.6 2.2600E+000 0
2.8 2.2600E+000 0
3 2.2600E+000 0
0 2.2800E+000 0
0.2 2.2800E+000 0
0.4 2.2800E+000 0
0.6 2.2800E+000 0
0.8 2.2800E+000 0
1 2.2800E+000 0
1.2 2.2800E+000 0
1.4 2.2800E+000 0
1.6 2.2800E+000 0
1.8 2.2800E+000 0
2 2.2800E+000 0
2.2 2.2800E+000 0
2.4 2.2800E+000 0
2.6 2.2800E+000 0
2.8 2.2800E+000 0
3 2.2800E+000 0
0 2.3300E+000 0
0.2 2.3300E+000 0
0.4 2.3300E+000 0
0.6 2.3300E+000 0
0.8 2.3300E+000 0
1 2.3300E+000 0
1.2 2.3300E+000 0
1.4 2.3300E+000 0
1.6 2.3300E+000 0
1.8 2.3300E+000 0
2 2.3300E+000 0
2.2 2.3300E+000 0
2.4 2.3300E+000 0
2.6 2.3300E+000 0
2.8 2.3300E+000 0
3 2.3300E+000 0
0 2.3500E+000 0
0.2 2.3500E+000 0
0.4 2.3500E+000 0
0.6 2.3500E+000 0
0.8 2.3500E+000 0
1 2.3500E+000 0
1.2 2.3500E+000 0
1.4 2.3500E+000 0
1.6 2.3500E+000 0
1.8 2.3500E+000 0
2 2.3500E+000 0
2.2 2.3500E+000 0
2.4 2.3500E+000 0
2.6 2.3500E+000 0
2.8 2.3500E+000 0
3 2.3500E+000 0
0 2.3600E+000 0
0.2 2.3600E+000 0
0.4 2.3600E+000 0
0.6 2.3600E+000 0
0.8 2.3600E+000 0
1 2.3600E+000 0
1.2 2.3600E+000 0
1.4 2.3600E+000 0
1.6 2.3600E+000 0
1.8 2.3600E+000 0
2 2.3600E+000 0
2.2 2.3600E+000 0
2.4 2.3600E+000 0
2.6 2.3600E+000 0
2.8 2.3600E+000 0
3 2.3600E+000 0
0 2.4000E+000 0
0.2 2.4000E+000 0
0.4 2.4000E+000 0
0.6 2.4000E+000 0
0.8 2.4000E+000 0
1 2.4000E+000 0
1.2 2.4000E+000 0
1.4 2.4000E+000 0
1.6 2.4000E+000 0
1.8 2.4000E+000 0
2 2.4000E+000 0
2.2 2.4000E+000 0
2.4 2.4000E+000 0
2.6 2.4000E+000 0
2.8 2.4000E+000 0
3 2.4000E+000 0
0 2.4400E+000 0
0.2 2.4400E+000 0
0.4 2.4400E+000 0
0.6 2.4400E+000 0
0.8 2.4400E+000 0
1 2.4400E+000 0
1.2 2.4400E+000 0
1.4 2.4400E+000 0
1.6 2.4400E+000 0
1.8 2.4400E+000 0
2 2.4400E+000 0
2.2 2.4400E+000 0
2.4 2.4400E+000 0
2.6 2.4400E+000 0
2.8 2.4400E+000 0
3 2.4400E+000 0
0 2.5000E+000 0
0.2 2.5000E+000 0
0.4 2.5000E+000 0
0.6 2.5000E+000 0
0.8 2.5000E+000 0
1 2.5000E+000 0
1.2 2.5000E+000 0
1.4 2.5000E+000 0
1.6 2.5000E+000 0
1.8 2.5000E+000 0
2 2.5000E+000 0
2.2 2.5000E+000 0
2.4 2.5000E+000 0
2.6 2.5000E+000 0
2.8 2.5000E+000 0
3 2.5000E+000 0
0 2.5200E+000 0
0.2 2.5200E+000 0
0.4 2.5200E+000 0
0.6 2.5200E+000 0
0.8 2.5200E+000 0
1 2.5200E+000 0
1.2 2.5200E+000 0
1.4 2.5200E+000 0
1.6 2.5200E+000 0
1.8 2.5200E+000 0
2 2.5200E+000 0
2.2 2.5200E+000 0
2.4 2.5200E+000 0
2.6 2.5200E+000 0
2.8 2.5200E+000 0
3 2.5200E+000 0
0 2.5300E+000 0
0.2 2.5300E+000 0
0.4 2.5300E+000 0
0.6 2.5300E+000 0
0.8 2.5300E+000 0
1 2.5300E+000 0
1.2 2.5300E+000 0
1.4 2.5300E+000 0
1.6 2.5300E+000 0
1.8 2.5300E+000 0
2 2.5300E+000 0
2.2 2.5300E+000 0
2.4 2.5300E+000 0
2.6 2.5300E+000 0
2.8 2.5300E+000 0
3 2.5300E+000 0
0 2.6000E+000 0
0.2 2.6000E+000 0
0.4 2.6000E+000 0
0.6 2.6000E+000 0
0.8 2.6000E+000 0
1 2.6000E+000 0
1.2 2.6000E+000 0
1.4 2.6000E+000 0
1.6 2.6000E+000 0
1.8 2.6000E+000 0
2 2.6000E+000 0
2.2 2.6000E+000 0
2.4 2.6000E+000 0
2.6 2.6000E+000 0
2.8 2.6000E+000 0
3 2.6000E+000 0
0 2.6200E+000 0
0.2 2.6200E+000 0
0.4 2.6200E+000 0
0.6 2.6200E+000 0
0.8 2.6200E+000 0
1 2.6200E+000 0
1.2 2.6200E+000 0
1.4 2.6200E+000 0
1.6 2.6200E+000 0
1.8 2.6200E+000 0
2 2.6200E+000 0
2.2 2.6200E+000 0
2.4 2.6200E+000 0
2.6 2.6200E+000 0
2.8 2.6200E+000 0
3 2.6200E+000 0
0 2.7000E+000 0
0.2 2.7000E+000 0
0.4 2.7000E+000 0
0.6 2.7000E+000 0
0.8 2.7000E+000 0
1 2.7000E+000 0
1.2 2.7000E+000 0
1.4 2.7000E+000 0
1.6 2.7000E+000 0
1.8 2.7000E+000 0
2 2.7000E+000 0
2.2 2.7000E+000 0
2.4 2.7000E+000 0
2.6 2.7000E+000 0
2.8 2.7000E+000 0
3 2.7000E+000 0
0 2.7100E+000 0
0.2 2.7100E+000 0
0.4 2.7100E+000 0
0.6 2.7100E+000 0
0.8 2.7100E+000 0
1 2.7100E+000 0
1.2 2.7100E+000 0
1.4 2.7100E+000 0
1.6 2.7100E+000 0
1.8 2.7100E+000 0
2 2.7100E+000 0
2.2 2.7100E+000 0
2.4 2.7100E+000 0
2.6 2.7100E+000 0
2.8 2.7100E+000 0
3 2.7100E+000 0
0 2.8000E+000 0
0.2 2.8000E+000 0
0.4 2.8000E+000 0
0.6 2.8000E+000 0
0.8 2.8000E+000 0
1 2.8000E+000 0
1.2 2.8000E+000 0
1.4 2.8000E+000 0
1.6 2.8000E+000 0
1.8 2.8000E+000 0
2 2.8000E+000 0
2.2 2.8000E+000 0
2.4 2.8000E+000 0
2.6 2.8000E+000 0
2.8 2.8000E+000 0
3 2.8000E+000 0
0 2.9000E+000 0
0.2 2.9000E+000 0
0.4 2.9000E+000 0
0.6 2.9000E+000 0
0.8 2.9000E+000 0
1 2.9000E+000 0
1.2 2.9000E+000 0
1.4 2.9000E+000 0
1.6 2.9000E+000 0
1.8 2.9000E+000 0
2 2.9000E+000 0
2.2 2.9000E+000 0
2.4 2.9000E+000 0
2.6 2.9000E+000 0
2.8 2.9000E+000 0
3 2.9000E+000 0
0 3.0000E+000 0
0.2 3.0000E+000 0
0.4 3.0000E+000 0
0.6 3.0000E+000 0
0.8 3.0000E+000 0
1 3.0000E+000 0
1.2 3.0000E+000 0
1.4 3.0000E+000 0
1.6 3.0000E+000 0
1.8 3.0000E+000 0
2 3.0000E+000 0
2.2 3.0000E+000 0
2.4 3.0000E+000 0
2.6 3.0000E+000 0
2.8 3.0000E+000 0
3 3.0000E+000 0
